691
794
856
801
1062
1020
1522
1487
1757
2270
2182
2116
2244
2191
2403
2701
3155
3003
3358
3473
3548
3571
4033
4092
4404
4521
4656
4465
4767
4774
5252
5384
5558
5184
5626
5593
5758
5907
6470
6818
6855
7075
6809
6836
7123
6968
6996
7448
7343
7800
7911
8044
8398
8475
8532
8646
8669
8548
8718
8793
8833
9003
9082
9258
9019
8889
9526
9654
9672
9536
9970
9996
9956
10198
9746
10282
10083
10479
10497
10585
10680
10804
10545
10999
10878
10918
11350
11336
11442
11518
11582
11470
11708
11883
11864
12370
12221
12508
12468
12533
12719
12432
12354
12911
12958
13090
13230
13269
13410
13419
13598
13584
13754
13880
13485
13947
13664
13849
14218
14583
14553
14646
15119
15261
15517
15580
15607
15624
16006
15995
16456
16530
16513
16289
16598
16840
16886
16935
16902
17048
17141
17035
16873
16837
17306
17541
17592
17637
17612
17620
17704
17768
17838
17890
17923
17990
18156
17949
18228
18330
18477
18474
18746
18572
18984
18893
18720
19123
18862
19020
19129
19345
19013
19162
19548
19733
19551
20020
19779
19938
20099
20186
20061
20339
20455
20472
20557
20410
20764
20853
20851
20676
21076
21187
21214
21294
21336
21271
22100
22130
22378
22133
22187
22353
22756
22302
22621
22523
22544
22847
22594
22475
22898
22835
22871
23010
23251
23333
23198
23457
23932
23889
23901
23816
24248
24092
24112
24472
24767
24810
24782
24660
24532
24558
25042
24723
24893
24802
25034
25123
25003
25459
25429
25641
25368
25857
25512
25658
25763
25752
25951
26352
26115
26137
26304
26117
26318
26412
26916
26597
27118
27146
26763
27217
26965
27516
27620
27432
27388
27339
27874
27937
28289
28343
28793
28544
28598
28830
28606
28725
29118
29155
28876
29382
29079
29742
29730
29598
29535
29653
29957
29724
30081
30081
30034
30085
30413
30505
30612
30662
609
683
899
881
839
972
1067
1219
1661
1733
1755
1882
2220
2127
2357
2412
2472
2572
2604
2733
2852
2748
2943
2704
3109
3152
3342
3581
3721
4323
4729
4934
4705
5307
5604
5607
6004
6212
5979
6004
6100
6208
6147
6561
6286
6497
6338
6980
7361
7047
7424
7649
7668
7772
7917
7896
7753
7568
7777
8331
8343
8631
8310
8508
8851
8910
8928
8790
9134
9076
9140
9446
9595
9794
9724
9574
9769
10073
10101
10029
10240
10482
10520
10370
10448
10988
10947
11218
11291
11454
11384
11560
11582
11516
11867
11929
11843
11854
12142
12237
12342
12552
12385
12408
12621
12538
12941
12974
13087
13092
13292
13645
13789
13730
13840
14007
14096
13909
14075
14212
13958
14371
14504
14556
14637
14718
14925
14993
15154
15046
15341
15256
15348
15245
15587
15345
15542
15783
15778
15886
15939
16306
16426
16582
17520
17951
17995
18118
18220
17990
18282
18433
18341
18512
18504
18899
18852
18628
18920
19230
18914
19175
19286
19185
19275
19582
19654
19685
19774
19952
20062
19605
20102
20129
20660
20668
20339
20704
20890
20919
20877
21018
20724
21008
21128
21364
21359
21363
21430
21435
21455
21761
21718
21659
22127
22038
22428
22408
22342
22156
22410
22470
22575
22560
22698
22704
22907
23020
23000
23064
23025
23078
23132
23200
23317
23446
23158
23409
23814
23852
23732
23900
24087
24053
23998
23969
24279
24309
24237
24661
24642
24777
24836
24854
24711
25123
25062
25236
25177
25017
25346
25501
25215
25722
25703
25731
25655
25767
26144
26249
26313
26200
26500
26574
26721
26697
26684
26467
26881
26946
26888
27193
27313
27685
28138
28180
28329
31115
32064
32194
32226
32191
32161
32672
32579
32789
32717
33005
33102
33070
33131
33198
33275
33311
33490
33512
33560
33624
33637
33603
33470
33717
33834
33496
33933
33872
33470
33875
33772
33823
855
987
985
1164
1431
1529
1483
1714
1957
2025
1978
2219
2251
2318
2580
3094
3280
3133
3328
3596
3610
3656
3830
3785
3689
4160
4414
4530
4323
4823
4834
5103
5277
5263
5473
5817
5962
5824
6062
6342
6872
7080
7360
7158
7083
7541
7727
7378
7792
7634
7643
7900
8067
8285
8351
8437
8586
8554
8792
8601
8646
8606
9054
8938
9259
9063
9470
9376
9469
9498
9857
9898
10007
9941
10122
10152
10346
10472
10486
10216
10668
10489
10746
10895
11047
11280
11371
11317
11348
11400
11622
11706
11792
11507
11893
11781
11808
12089
12197
12277
12347
12391
12359
12558
12596
12808
12540
12887
13096
12960
13125
13090
13214
13447
13611
13459
13679
13775
13785
13915
13622
13889
14022
14278
14440
14506
14627
14594
14799
14743
15300
14916
15198
15361
15351
15182
15407
15468
15421
15475
15660
15858
15901
16040
15969
16051
16040
15914
16566
16431
16716
16660
16872
16733
16616
16774
17176
17264
17374
17214
17450
17579
17675
17898
18038
17966
18027
18055
18144
18306
18442
18548
18568
18617
18808
18830
18873
19332
19352
19416
19410
19146
19710
19726
19996
20152
20292
20056
20260
20104
20327
20190
20375
20673
20490
20714
20784
21229
21013
21170
21600
21705
21843
21646
22066
21974
22076
21876
22129
22134
22133
22351
22354
22529
22484
22731
22762
22756
23031
23041
23106
23371
23210
23368
23464
23571
23453
23605
23535
23762
23983
23797
24069
23942
24104
24130
24181
24388
24599
24680
24997
24922
25172
24998
25156
25536
25445
25590
25539
25668
25553
25833
25924
25631
26095
26164
26081
26266
26228
26330
26373
26520
26307
26803
26787
26910
26994
26937
27057
27548
27130
27349
27378
27568
27736
27952
27909
27746
28053
28135
28119
28111
28468
28421
28608
28735
28656
28763
28721
28939
29245
29387
29424
29270
29655
29675
29765
29681
29883
30070
629
810
824
1277
1393
1511
1576
1623
1968
1973
2012
2018
2214
2440
2534
2578
2594
2708
2769
2839
3015
3079
3185
3247
3299
3278
3294
3210
3459
3546
3581
3576
3722
3753
3727
4001
4033
4088
4645
7974
8096
8131
8255
8451
8493
8807
36213
69838
69977
70140
70188
70928
71104
71099
71208
71265
71478
71589
71752
71761
71823
71817
72049
72174
72315
72459
72522
72570
72567
72624
72707
72899
73221
73219
73307
73259
73345
73487
73589
73634
73731
73757
73886
73973
74188
74376
74381
74385
74392
74557
74560
74628
74697
74721
74946
75063
75155
75195
75169
75400
